10001
10002
10003
10004
10005
10006
10007
10009
10010
10011
10012
10013
10014
10016
10017
10018
10019
10020
10021
10022
10023
10024
10025
10026
90001
90002
90003
90004
90005
90006
90007
90008
90010
90011
90012
90013
90014
90015
90016
90017
90018
90019
90020
90021
90022
90023
90024
90025
60601
60602
60603
60604
60605
60606
60607
60608
60609
60610
60611
60612
60613
60614
60615
60616
60617
60618
60619
60620
60621
60622
60623
60624
77002
77003
77004
77005
77006
77007
77008
77009
77010
77011
77012
77013
77014
77015
77016
77017
77018
77019
77020
77021
77022
77023
77024
77025
19102
19103
19104
19106
19107
19109
19110
19111
19112
19113
19114
19115
19116
19118
19119
19120
19121
19122
85003
85004
85006
85007
85008
85009
85012
85013
85014
85015
85016
85017
85018
85019
85020
85021
85022
85023
85024
85025
78201
78202
78203
78204
78205
78206
78207
78208
78209
78210
78211
78212
78213
78214
78215
78216
78217
78218
78219
78220
78221
78222
78223
78224
78225
92101
92102
92103
92104
92105
92106
92107
92108
92109
92110
92111
92113
92114
92115
92116
92117
92118
92119
92120
92121
92122
92123
92124
92126
75201
75202
75203
75204
75205
75206
75207
75208
75209
75210
75211
75212
75214
75215
75216
75217
75218
75219
75220
75223
75224
75225
75226
95101
95110
95111
95112
95113
95116
95117
95118
95119
95120
95121
95122
95123
95124
95125
95126
95127
95128
95129
95130
32099
32202
32204
32205
32206
32207
32208
32209
32210
32211
32212
32216
32217
32218
32219
32220
32221
32222
32223
32224
32225
46201
46202
46203
46204
46205
46208
46214
46216
46217
46218
46219
46220
46221
46222
46224
46225
46226
46227
46228
46229
94102
94103
94104
94105
94107
94108
94109
94110
94111
94112
94114
94115
94116
94117
94118
94121
94122
94123
94124
94127
94128
78701
78702
78703
78704
78705
78710
78712
78717
78719
78721
78722
78723
78724
78725
43085
43201
43202
43203
43204
43205
43206
43207
43209
43210
43211
43212
43213
43214
43215
43217
43219
43220
43221
43222
43223
43224
76102
76103
76104
76105
76106
76107
76108
76109
76110
76111
76112
76114
76115
76116
76117
76118
76119
76120
76123
76126
28202
28203
28204
28205
28206
28207
28208
28209
28210
28211
28212
28213
28214
28215
28216
28217
28226
48201
48202
48203
48204
48205
48206
48207
48208
48209
48210
48211
48212
48213
48214
48215
48216
48217
48218
48219
48220
48221
48223
48224
48225
79901
79902
79903
79904
79905
79906
79907
79908
79910
79911
79912
79915
79916
79918
79922
79924
79925
79927
79928
38103
38104
38105
38106
38107
38108
38109
38111
38112
38114
38115
38116
38117
38118
38119
38120
38122
38125
38126
38127
21201
21202
21204
21205
21206
21207
21208
21209
21210
21211
21212
21213
21214
21215
21216
21217
21218
21219
21220
21221
21222
21223
21224
21225
02108
02109
02110
02111
02113
02114
02115
02116
02118
02119
02120
02121
02122
02124
02125
02126
02127
02128
02129
02130
02131
02132
98101
98102
98103
98104
98105
98106
98107
98108
98109
98110
98112
98115
98116
98117
98118
98119
98121
98122
98125
98126
20001
20002
20003
20004
20005
20006
20007
20008
20009
20010
20011
20012
20015
20016
20017
20018
20019
20020
20024
20026
37201
37203
37204
37205
37206
37207
37208
37209
37210
37211
37212
37213
37214
37215
37216
37217
37218
37219
37220
37221
37228
